function result = iqresample(data, n2)
% Resample data to n2 samples (data can be real or complex)
% The routine takes care of removing wrap-around artefacts
% Result of row vector will be a row vector, col vector will stay col vector
% Copyright Keysight Technologies 2015
c_tap = [ 4.2692172372382302e-05;-0.00034281078675024002;0.0015924449256957799;-0.0055781926557395998;0.0162895246973494;-0.041741209705054003;0.096753107749443401;-0.206928159240231;0.41402257410808802;-0.78281582419267104;1.40944840635463;-2.4310124787443099;4.0359368853231397;-6.4743855101656296;10.067393293606001;-15.212612166914001;22.382899444765901;-32.110713171667904;44.944721145681697;-61.352157208939097;81.516305643260196;-104.937751739841;129.69905873082999;-151.290671361774;161.52449188445601;];
s0 = [...
4.3476414713074484e-16 8.6191254008409753e-11 3.5215179899695203e-10 8.2018666590688409e-10 1.5279385183381991e-09 2.5290919507515153e-09 3.8943619995266397e-09 5.7127698571486742e-09 8.0932100572891536e-09 1.1166313119584197e-08 1.5086609520046296e-08 2.0035000956966221e-08 2.6221545839186506e-08 3.3888566939907291e-08 4.3314089662692848e-08 5.4815620186444489e-08 6.8754273506363925e-08 8.5539262227074134e-08 1.0563275741017238e-07 1.2955513369774173e-07 1.5789061153497387e-07 1.912933096334331e-07 2.304937224220033e-07 2.7630563597562717e-07 3.2963349870416073e-07 3.9148026194690422e-07 4.6295570651828183e-07 5.4528527267866771e-07 6.3981940957076362e-07 7.4804346236841579e-07 8.7158811467478046e-07 1.0122404047900224e-06 1.1719553336702991e-06 1.3528680836605573e-06 1.5573068675054759e-06 1.7878064251799091e-06 2.0471221896331569e-06 2.3382451395663197e-06 2.6644173584124296e-06 3.0291483203633071e-06 3.4362319201091215e-06 3.8897642680886022e-06 4.3941622684396026e-06 4.9541829988056819e-06 5.5749439109435871e-06 6.2619438695629609e-06 7.0210850471331486e-06 7.8586956928949562e-06 8.7815537913018204e-06 9.796911627889416e-06 1.0912521276421361e-05 1.2136661023371677e-05 1.347816274376265e-05 1.4946440241299487e-05 1.6551518565886518e-05 1.8304064319391802e-05 2.0215416961261815e-05 2.2297621122287921e-05 2.4563459936401609e-05 2.7026489396278496e-05 2.970107374012515e-05 3.2602421873179718e-05 3.5746624828159312e-05 3.9150694266157371e-05 ;
4.2832602018483864e-05 4.6811320668328055e-05 5.1106865169309033e-05 5.5740335497090814e-05 6.0733960326884802e-05 6.6111141729941779e-05 7.1896500878423716e-05 7.8115924747162885e-05 8.4796613799017234e-05 9.1967130637158123e-05 9.9657449607270114e-05 0.00010789900732960011 0.00011672475413812699 0.00012616920640346789 0.00013626849971208518 0.00014706044287277301 0.00015858457272014531 0.00017088220968001537 0.00018399651406165939 0.00019797254303757794 0.00021285730827021721 0.00022869983414118892 0.00024555121653772682 0.00026346468214706234 0.00028249564820710806 0.0003027017826601691 0.00032414306465212262 0.0003468818453185298 0.00037098290879589369 0.00039651353339239062 0.00042354355285250804 0.00045214541764454323 0.00048239425619902199 0.00051436793602336836 0.00054814712461451003 0.000583815350089954 0.00062145906145460973 0.00066116768841744907 0.00070303370067198955 0.00074715266654904855 0.00079362331095035837 0.00084254757246823983 0.00089403065959458054 0.00094818110591982216 0.0010051108242212095 0.0010649351593369294 0.0011277729397212522 0.0011937465275735847 0.0012629818674328936 0.0013356085331269224 0.0014117597729646077 0.0014915725530579246 0.0015751875986587303 0.001662749433394374 0.0017544064162851598 0.0018503107764255128 0.0019506186452099199 0.0020554900859838755 0.0021650891209998965 0.0022795837555575895 0.0023991459992070458 0.0025239518838944437 0.0026541814789288274 0.0027900189026490263 ;
0.0029316523306706114 0.0030792740005925936 0.0032330802130447066 0.0033932713289569973 0.0035600517629344169 0.0037336299726201862 0.0039142184439335918 0.0041020336720690616 0.0042972961381454212 0.0045002302813962345 0.0047110644667940609 0.0049300309480045336 0.0051573658255680355 0.0053933090002096914 0.005638104121182346 0.0058919985295487068 0.0061552431963139064 0.0064280926553222598 0.0067108049308363523 0.0070036414597207438 0.0073068670081558457 0.007620749582813207 0.0079455603364276452 0.0082815734677054997 0.0086290661155151629 0.0089883182473095014 0.0093596125417362008 0.0097432342653973967 0.010139471143725317 0.01054861322594745 0.010970952744120136 0.011406783966215805 0.011856403043256058 0.012320107850488848 0.012798197822615253 0.013290973783077519 0.013798737767428069 0.014321792840805736 0.014860442909552447 0.015414992527012172 0.015985746693560291 0.016573010650920181 0.017177089670830176 0.017798288838134082 0.018436912828373751 0.019093265679972524 0.019767650561104733 0.020460369531355421 0.02117172329828234 0.021902010969000265 0.022651529796916595 0.023420574923753802 0.024209439117004593 0.025018412502972324 0.025847782295557439 0.026697832520960019 0.027568843738475211 0.028461092757566673 0.029374852351412448 0.030310390967123377 0.031267972432843079 0.032247855661947523 0.033250294354566674 0.0342755366966606 ;
0.035323825056889718 0.036395395681523973 0.03749047838764491 0.038609296254900297 0.039752065316077716 0.040918994246770111 0.042110284054412354 0.043326127766973532 0.044566710121596721 0.04583220725348134 0.04712278638531054 0.048438605517529737 0.049779813119787068 0.051146547823852598 0.052538938118334204 0.053957102045514911 0.055401146900638139 0.056871168933970866 0.058367253055977238 0.059889472545938571 0.061437888764356303 0.063012550869477726 0.064613495538284091 0.0662407466922834 0.067894315228448646 0.069574198755644939 0.071280381336886467 0.073012833237765057 0.074771510681390596 0.076556355610181759 0.078367295454845054 0.080204242910875079 0.082067095722910405 0.083955736477271573 0.085870032403008029 0.087809835181775237 0.089774980766857401 0.091765289211650503 0.093780564507909323 0.095820594434061976 0.09788515041388593 0.099973987385832824 0.10208684368328606 0.10422344092602211 0.10638348392314367 0.10856666058774218 0.11077264186353823 0.11300108166374087 0.1152516168223565 0.11752386705816781 0.11981743495159448 0.12213190593463458 0.12446684829407741 0.12682181318816499 0.12919633467686839 0.13158992976593467 0.1340020984648449 0.13643232385881457 0.13888007219495224 0.14134479298268024 0.14382591910850831 0.14632286696523575 0.14883503659564609 0.15136181185074127 ;
0.15390256056255136 0.15645663473153826 0.15902337072859873 0.16160208951165728 0.16419209685682332 0.16679268360407348 0.16940312591740364 0.17202268555937869 0.17465061017999639 0.177286133619762 0.17992847622685779 0.182576845188274 0.18523043487475402 0.18788842719938981 0.19054999198968947 0.19321428737292037 0.19588046017452096 0.19854764632935468 0.20121497130556565 0.20388155054078269 0.2065464898903997 0.2092088860876504 0.21186782721517619 0.21452239318777586 0.21717165624600854 0.21981468146031052 0.22245052724527065 0.22507824588369657 0.22769688406009239 0.23030548340315493 0.23290308103688184 0.23548871013987716 0.23806140051242322 0.24062017915088277 0.24316407082897762 0.24569209868548614 0.24820328481788953 0.25069665088148479 0.25317121869348064 0.25562601084157532 0.25806005129651499 0.26047236602811963 0.26286198362425817 0.26522793591224775 0.2675692585821472 0.26988499181140785 0.2721741808903424 0.27443587684786636 0.27666913707696517 0.27887302595933555 0.28104661548864746 0.28318898589187319 0.28529922624812765 0.2873764351044617 0.28941972108805464 0.29142820351424914 0.29340101298987559 0.29533729201131254 0.29723619555673503 0.29909689167200471 0.30091856204965794 0.30270040260045677 0.30444162401696695 0.30614145232863915 ;
